0.790036 0.08 150
0.789883 0.08 145
0.790036 0.08 150
0.789524 0.1 145
0.789676 0.1 150
0.788644 0.1 120
0.789117 0.1 130
0.787652 0.05 110
0.788644 0.05 130
0.788231 0.1 110
0.789117 0.1 130
0.789381 0.11 135
0.788872 0.1 125
0.789333 0.1 135
0.789019 0.11 125
0.789381 0.11 135
0.789802 0.08 140
0.785932 0.06 80
0.787722 0.06 100
0.789776 0.06 140
0.786202 0.08 80
0.787842 0.08 100
0.789802 0.08 140
0.790036 0.08 150
0.789883 0.08 145
0.790036 0.08 150
0.789524 0.1 145
0.789676 0.1 150
0.789877 0.09 150
0.789820 0.07 150
0.789877 0.09 150
0.790174 0.08 155  
0.789981 0.08 148
0.790174 0.08 155
0.790751 0.08 180 
0.790380 0.08 165
0.790751 0.08 180
0.791724 0.08 250
0.791724 0.08 250
0.792112 0.08 300
0.792112 0.08 300
0.792937 0.08 500
0.792937 0.08 500
0.793512 0.08 1000
0.793512 0.08 1000
0.789117 0.1 130
0.787652 0.05 110
0.788644 0.05 130
0.788231 0.1 110
0.789117 0.1 130
0.789381 0.11 135
0.788872 0.1 125
0.789333 0.1 135
0.789019 0.11 125
0.789381 0.11 135
0.789618 0.12 160
0.789040 0.12 140
0.789223 0.12 145
0.789618 0.12 160
0.788330 0.15 140
0.788462 0.15 145
0.788893 0.15 160
0.792420 0.08 350
0.792420 0.08 350
0.793356 0.08 750
0.793356 0.08 750
0.793215 0.085 700
0.793215 0.085 700
